1.020000000000000073e-02 7.272699999999999720e-01 5.749999999999999556e-01 9.083299999999999708e-01 1.313100000000000100e-01 8.800000000000000044e-01 0.000000000000000000e+00
2.959000000000000172e-02 8.787899999999999601e-01 6.750000000000000444e-01 1.000000000000000000e+00 5.252499999999999947e-01 1.199999999999999956e-01 0.000000000000000000e+00
6.119999999999999572e-03 6.969699999999999784e-01 5.999999999999999778e-01 9.416700000000000070e-01 1.111100000000000004e-01 2.000000000000000042e-02 3.030000000000000054e-02
3.059999999999999786e-03 7.272699999999999720e-01 6.500000000000000222e-01 7.833299999999999708e-01 7.979800000000000226e-01 9.100000000000000311e-01 6.060999999999999721e-02
9.180000000000000659e-03 7.878800000000000248e-01 5.000000000000000000e-01 7.916699999999999848e-01 3.535400000000000209e-01 1.000000000000000021e-02 6.060999999999999721e-02
0.000000000000000000e+00 8.181800000000000184e-01 6.500000000000000222e-01 9.916700000000000514e-01 4.646500000000000075e-01 1.900000000000000022e-01 9.091000000000000469e-02
4.592000000000000248e-02 8.181800000000000184e-01 5.999999999999999778e-01 7.583299999999999486e-01 4.747500000000000053e-01 4.000000000000000083e-02 9.091000000000000469e-02
3.776000000000000190e-02 6.969699999999999784e-01 6.500000000000000222e-01 7.666699999999999626e-01 7.676800000000000290e-01 6.199999999999999956e-01 1.212099999999999983e-01
5.714000000000000329e-02 8.181800000000000184e-01 6.250000000000000000e-01 7.166700000000000292e-01 9.697000000000000064e-01 3.699999999999999956e-01 1.212099999999999983e-01
4.080000000000000293e-03 8.787899999999999601e-01 7.500000000000000000e-01 7.083300000000000152e-01 7.676800000000000290e-01 3.800000000000000044e-01 1.515199999999999880e-01
2.551000000000000142e-02 8.181800000000000184e-01 6.750000000000000444e-01 6.333299999999999486e-01 6.262600000000000389e-01 5.500000000000000444e-01 1.818200000000000094e-01
2.347000000000000128e-02 6.969699999999999784e-01 5.749999999999999556e-01 7.249999999999999778e-01 3.131300000000000194e-01 4.199999999999999845e-01 2.424199999999999966e-01
2.245000000000000120e-02 8.484800000000000120e-01 6.750000000000000444e-01 6.999999999999999556e-01 8.585899999999999643e-01 2.000000000000000111e-01 2.727299999999999724e-01
1.429000000000000062e-02 5.454499999999999904e-01 4.000000000000000222e-01 5.666700000000000070e-01 3.535400000000000209e-01 1.600000000000000033e-01 3.030300000000000216e-01
5.612000000000000322e-02 6.666699999999999848e-01 5.250000000000000222e-01 4.249999999999999889e-01 8.888899999999999579e-01 9.599999999999999645e-01 3.030300000000000216e-01
5.918000000000000344e-02 8.181800000000000184e-01 7.500000000000000000e-01 4.333299999999999930e-01 9.292899999999999494e-01 9.200000000000000400e-01 3.030300000000000216e-01
7.142999999999999350e-02 6.363600000000000367e-01 5.500000000000000444e-01 5.000000000000000000e-01 3.838400000000000145e-01 6.500000000000000222e-01 3.030300000000000216e-01
3.162999999999999839e-02 4.242400000000000060e-01 5.000000000000000000e-01 6.250000000000000000e-01 1.818200000000000094e-01 9.899999999999999911e-01 3.333300000000000152e-01
3.162999999999999839e-02 7.575800000000000312e-01 6.500000000000000222e-01 4.500000000000000111e-01 7.171699999999999742e-01 1.199999999999999956e-01 3.333300000000000152e-01
5.510000000000000314e-02 7.878800000000000248e-01 6.500000000000000222e-01 5.749999999999999556e-01 5.656600000000000517e-01 6.300000000000000044e-01 3.636400000000000188e-01
6.428999999999999992e-02 8.181800000000000184e-01 8.000000000000000444e-01 7.166700000000000292e-01 9.090899999999999537e-01 6.300000000000000044e-01 3.939400000000000124e-01
3.264999999999999847e-02 4.848500000000000032e-01 4.749999999999999778e-01 5.333299999999999708e-01 5.454499999999999904e-01 8.299999999999999600e-01 4.545500000000000096e-01
1.244900000000000034e-01 5.454499999999999904e-01 6.500000000000000222e-01 4.333299999999999930e-01 5.454499999999999904e-01 4.899999999999999911e-01 4.848500000000000032e-01
1.234699999999999964e-01 4.242400000000000060e-01 5.999999999999999778e-01 3.916700000000000181e-01 0.000000000000000000e+00 3.099999999999999978e-01 5.151499999999999968e-01
1.693900000000000128e-01 6.060600000000000431e-01 5.749999999999999556e-01 3.833300000000000041e-01 5.151499999999999968e-01 5.000000000000000278e-02 5.151499999999999968e-01
1.061200000000000060e-01 5.454499999999999904e-01 6.250000000000000000e-01 4.249999999999999889e-01 9.393899999999999473e-01 2.000000000000000042e-02 5.454499999999999904e-01
8.776000000000000467e-02 6.060600000000000431e-01 6.500000000000000222e-01 2.916699999999999848e-01 7.171699999999999742e-01 1.900000000000000022e-01 5.757600000000000495e-01
1.061200000000000060e-01 8.181800000000000184e-01 8.499999999999999778e-01 3.333300000000000152e-01 6.363600000000000367e-01 9.599999999999999645e-01 5.757600000000000495e-01
1.224500000000000033e-01 5.454499999999999904e-01 7.500000000000000000e-01 3.583299999999999819e-01 7.070699999999999763e-01 8.100000000000000533e-01 5.757600000000000495e-01
5.102000000000000285e-02 8.484800000000000120e-01 9.250000000000000444e-01 3.416699999999999737e-01 1.212099999999999983e-01 7.000000000000000666e-02 6.060600000000000431e-01
7.857000000000000095e-02 6.060600000000000431e-01 8.249999999999999556e-01 2.666700000000000181e-01 1.010100000000000026e-01 9.799999999999999822e-01 6.060600000000000431e-01
1.836699999999999999e-01 3.939400000000000124e-01 3.750000000000000000e-01 3.333300000000000152e-01 7.878800000000000248e-01 6.099999999999999867e-01 6.060600000000000431e-01
1.908199999999999896e-01 4.545500000000000096e-01 5.000000000000000000e-01 3.666699999999999959e-01 6.464600000000000346e-01 1.799999999999999933e-01 6.060600000000000431e-01
5.510000000000000314e-02 8.787899999999999601e-01 9.749999999999999778e-01 3.499999999999999778e-01 6.767699999999999827e-01 9.200000000000000400e-01 6.363600000000000367e-01
1.173499999999999960e-01 7.575800000000000312e-01 6.999999999999999556e-01 3.083299999999999930e-01 1.000000000000000000e+00 6.999999999999999556e-01 6.363600000000000367e-01
8.980000000000000482e-02 2.727299999999999724e-01 2.500000000000000000e-01 2.500000000000000000e-01 2.323199999999999987e-01 5.000000000000000278e-02 6.666699999999999848e-01
1.387799999999999867e-01 6.060600000000000431e-01 7.750000000000000222e-01 2.666700000000000181e-01 3.737400000000000166e-01 8.100000000000000533e-01 6.666699999999999848e-01
1.683699999999999919e-01 5.151499999999999968e-01 7.249999999999999778e-01 2.916699999999999848e-01 5.353499999999999925e-01 2.999999999999999889e-02 6.666699999999999848e-01
2.653099999999999903e-01 2.121200000000000030e-01 2.999999999999999889e-01 2.583300000000000041e-01 2.626299999999999746e-01 3.599999999999999867e-01 6.666699999999999848e-01
1.387799999999999867e-01 0.000000000000000000e+00 2.500000000000000139e-02 7.499999999999999722e-02 6.767699999999999827e-01 1.000000000000000021e-02 6.969699999999999784e-01
1.795899999999999996e-01 6.060600000000000431e-01 1.000000000000000000e+00 2.500000000000000000e-01 9.090899999999999537e-01 5.100000000000000089e-01 6.969699999999999784e-01
1.836699999999999999e-01 3.030000000000000054e-02 1.250000000000000000e-01 8.333000000000000129e-02 8.787899999999999601e-01 3.099999999999999978e-01 6.969699999999999784e-01
1.255100000000000104e-01 5.151499999999999968e-01 6.250000000000000000e-01 2.750000000000000222e-01 4.949500000000000011e-01 5.899999999999999689e-01 7.272699999999999720e-01
2.785699999999999843e-01 6.363600000000000367e-01 7.249999999999999778e-01 1.583299999999999985e-01 3.232300000000000173e-01 5.200000000000000178e-01 7.272699999999999720e-01
3.204099999999999726e-01 6.666699999999999848e-01 6.500000000000000222e-01 6.666999999999999316e-02 2.727299999999999724e-01 2.600000000000000089e-01 7.272699999999999720e-01
4.795900000000000163e-01 3.333300000000000152e-01 4.249999999999999889e-01 1.000000000000000056e-01 1.818200000000000094e-01 4.799999999999999822e-01 7.272699999999999720e-01
1.030599999999999988e-01 3.333300000000000152e-01 4.749999999999999778e-01 1.000000000000000056e-01 6.868699999999999806e-01 8.699999999999999956e-01 7.575800000000000312e-01
1.163300000000000028e-01 3.030000000000000054e-02 1.499999999999999944e-01 5.832999999999999990e-02 4.747500000000000053e-01 9.799999999999999822e-01 7.575800000000000312e-01
2.214299999999999879e-01 5.151499999999999968e-01 6.750000000000000444e-01 2.416699999999999959e-01 1.009999999999999960e-02 5.400000000000000355e-01 7.575800000000000312e-01
3.050999999999999823e-01 1.818200000000000094e-01 4.249999999999999889e-01 7.499999999999999722e-02 7.272699999999999720e-01 5.699999999999999512e-01 7.575800000000000312e-01
3.397999999999999909e-01 3.939400000000000124e-01 5.000000000000000000e-01 6.666999999999999316e-02 7.070699999999999763e-01 4.500000000000000111e-01 7.575800000000000312e-01
4.122399999999999953e-01 2.121200000000000030e-01 4.500000000000000111e-01 5.000000000000000278e-02 1.818200000000000094e-01 7.199999999999999734e-01 7.575800000000000312e-01
2.061199999999999977e-01 4.545500000000000096e-01 5.749999999999999556e-01 1.583299999999999985e-01 7.676800000000000290e-01 3.900000000000000133e-01 7.878800000000000248e-01
2.306100000000000094e-01 1.212099999999999983e-01 2.250000000000000056e-01 1.166699999999999959e-01 7.171699999999999742e-01 6.700000000000000400e-01 7.878800000000000248e-01
2.938799999999999746e-01 3.333300000000000152e-01 4.749999999999999778e-01 1.499999999999999944e-01 8.787899999999999601e-01 2.600000000000000089e-01 7.878800000000000248e-01
1.132699999999999957e-01 2.424199999999999966e-01 4.249999999999999889e-01 7.499999999999999722e-02 2.424199999999999966e-01 4.600000000000000200e-01 8.181800000000000184e-01
7.826499999999999568e-01 3.030000000000000054e-02 0.000000000000000000e+00 1.667000000000000079e-02 3.131300000000000194e-01 5.100000000000000089e-01 8.484800000000000120e-01
5.979600000000000470e-01 3.636400000000000188e-01 3.499999999999999778e-01 2.500000000000000139e-02 5.151499999999999968e-01 2.500000000000000000e-01 8.787899999999999601e-01
6.510200000000000431e-01 9.091000000000000469e-02 0.000000000000000000e+00 8.330000000000000598e-03 6.868699999999999806e-01 0.000000000000000000e+00 8.787899999999999601e-01
8.408200000000000118e-01 5.454499999999999904e-01 4.000000000000000222e-01 0.000000000000000000e+00 2.626299999999999746e-01 6.199999999999999956e-01 8.787899999999999601e-01
5.285699999999999843e-01 0.000000000000000000e+00 2.250000000000000056e-01 2.500000000000000139e-02 1.313100000000000100e-01 5.799999999999999600e-01 9.090899999999999537e-01
5.724500000000000144e-01 9.091000000000000469e-02 4.000000000000000222e-01 1.667000000000000079e-02 7.171699999999999742e-01 8.499999999999999778e-01 9.090899999999999537e-01
6.030600000000000405e-01 1.000000000000000000e+00 8.499999999999999778e-01 3.332999999999999852e-02 8.080800000000000205e-01 9.599999999999999645e-01 9.090899999999999537e-01
6.959199999999999831e-01 2.727299999999999724e-01 3.250000000000000111e-01 1.667000000000000079e-02 4.646500000000000075e-01 2.000000000000000042e-02 9.090899999999999537e-01
7.836699999999999777e-01 1.818200000000000094e-01 1.000000000000000056e-01 1.667000000000000079e-02 7.474699999999999678e-01 4.299999999999999933e-01 9.090899999999999537e-01
7.989800000000000235e-01 6.060999999999999721e-02 1.000000000000000056e-01 3.332999999999999852e-02 4.039999999999999841e-02 6.600000000000000311e-01 9.090899999999999537e-01
1.000000000000000000e+00 2.424199999999999966e-01 2.500000000000000000e-01 3.332999999999999852e-02 2.727299999999999724e-01 2.500000000000000000e-01 9.090899999999999537e-01
4.224499999999999922e-01 1.212099999999999983e-01 2.000000000000000111e-01 3.332999999999999852e-02 9.798000000000000043e-01 3.400000000000000244e-01 9.393899999999999473e-01
6.938800000000000523e-01 9.091000000000000469e-02 1.749999999999999889e-01 1.667000000000000079e-02 2.222200000000000009e-01 2.999999999999999889e-01 9.393899999999999473e-01
7.316300000000000026e-01 0.000000000000000000e+00 7.499999999999999722e-02 2.500000000000000139e-02 7.777800000000000269e-01 1.199999999999999956e-01 9.393899999999999473e-01
7.336700000000000443e-01 1.515199999999999880e-01 1.250000000000000000e-01 1.667000000000000079e-02 4.646500000000000075e-01 2.300000000000000100e-01 9.393899999999999473e-01
7.785699999999999843e-01 3.333300000000000152e-01 2.250000000000000056e-01 1.667000000000000079e-02 1.212099999999999983e-01 2.600000000000000089e-01 9.393899999999999473e-01
9.581600000000000117e-01 2.424199999999999966e-01 1.749999999999999889e-01 1.667000000000000079e-02 4.545500000000000096e-01 3.599999999999999867e-01 9.393899999999999473e-01
6.806100000000000483e-01 1.212099999999999983e-01 5.000000000000000278e-02 0.000000000000000000e+00 9.798000000000000043e-01 6.899999999999999467e-01 9.697000000000000064e-01
8.479600000000000470e-01 4.242400000000000060e-01 2.999999999999999889e-01 8.330000000000000598e-03 7.070699999999999763e-01 9.699999999999999734e-01 9.697000000000000064e-01
8.163300000000000001e-01 3.030000000000000054e-02 1.250000000000000000e-01 0.000000000000000000e+00 1.313100000000000100e-01 1.000000000000000000e+00 1.000000000000000000e+00
